2349440443518960517
6978229512110689992
8457253091788739137
3901087546086747196
5229664515878036108
7695576171488305107
5229664515878036108
5229664515878036108
8457253091788739137
8457253091788739137
8457253091788739137
5229664515878036108
8457253091788739137
4309092261445242579
2215731684202731680
1728204553836697060
8336786607452993709
5441205283938578844
2956732489018529815
2956732489018529815
2956732489018529815
8058953372934291912
2956732489018529815
2956732489018529815
2956732489018529815
2956732489018529815
2956732489018529815
2956732489018529815
2956732489018529815
2956732489018529815
2956732489018529815
2956732489018529815
2956732489018529815
2956732489018529815
2956732489018529815
2956732489018529815
2956732489018529815
2956732489018529815
2956732489018529815
2956732489018529815
2956732489018529815
2956732489018529815
2956732489018529815
2956732489018529815
2956732489018529815
2956732489018529815
2956732489018529815
2956732489018529815
2956732489018529815
2956732489018529815
2956732489018529815
2956732489018529815
2956732489018529815
2956732489018529815
2956732489018529815
2956732489018529815
2956732489018529815
2956732489018529815
2956732489018529815
2956732489018529815
2956732489018529815
2956732489018529815
2956732489018529815
2956732489018529815
2956732489018529815
2956732489018529815
2956732489018529815
2956732489018529815
2956732489018529815
2956732489018529815
2956732489018529815
2956732489018529815
2956732489018529815
2956732489018529815
2956732489018529815
2956732489018529815
2956732489018529815
2956732489018529815
2956732489018529815
2956732489018529815
2956732489018529815
2956732489018529815
2956732489018529815
2956732489018529815
2956732489018529815
2956732489018529815
2956732489018529815
2956732489018529815
2956732489018529815
2956732489018529815
2956732489018529815
2956732489018529815
2956732489018529815
2956732489018529815
2956732489018529815
2956732489018529815
2956732489018529815
2956732489018529815
2956732489018529815
2956732489018529815
2956732489018529815
2956732489018529815
2956732489018529815
2956732489018529815
2956732489018529815
2956732489018529815
2956732489018529815
2956732489018529815
2956732489018529815
2956732489018529815
2956732489018529815
2956732489018529815
2956732489018529815
2956732489018529815
2956732489018529815
2956732489018529815
2956732489018529815
2956732489018529815
2956732489018529815
2956732489018529815
2956732489018529815
2956732489018529815
2956732489018529815
2956732489018529815
2956732489018529815
2956732489018529815
2956732489018529815
2956732489018529815
2956732489018529815
2956732489018529815
2956732489018529815
2956732489018529815
411618878938835234
411618878938835234
7723178150512500666
1934369809556314188
411618878938835234
7723178150512500666
6824647975116026402
7723178150512500666
6824647975116026402
2104663508577710753
6824647975116026402
6824647975116026402
6824647975116026402
6824647975116026402
6824647975116026402
6824647975116026402
6824647975116026402
6824647975116026402
1934369809556314188
2104663508577710753
7723178150512500666
5576048178207618550
5576048178207618550
5576048178207618550
7723178150512500666
5901976091877991292
5901976091877991292
5901976091877991292
5901976091877991292
5901976091877991292
5576048178207618550
